
/**
 * \file fsa.cc
 * This file is part of FSA, a sequence alignment algorithm.
 * \author Source code in this file was written by Robert Bradley.
 * Jaeyoung Do wrote the parallelization and database code.
 */

#include "math/mst.h"
#include "seq/similarity_matrix.h"
#include "fsa/fsa.h"

using namespace fsa;

FSA::FSA (int argc, char** argv) :
  opts (argc, argv),
  alphabet (DNA_alphabet()),
  tree_weights (Tree_weights()), // default constructor sets all weights to 1.0
  w_worker (false)
{ }

void FSA::init_opts() {

  opts.newline();
  INIT_CONSTRUCTED_OPTS_LIST (opts, -1, "[options] <sequence file(s)>", "Distance-based alignment of DNA, RNA and proteins.");

  opts.print_title ("Output options");
  opts.add ("-stockholm", write_stockholm = false, "output Stockholm alignments (default is multi-FASTA format)", false);
  opts.add ("-gui", output_for_gui = false, "record alignment & statistical model for interactive Java GUI", false);
  opts.add ("-write-params", write_params = false, "write learned emission distributions (substitution matrices) to disk", false);
  opts.add ("-write-posteriors", write_dotplots = false, "write learned pairwise posterior alignment probability matrices to disk", false);
  // --write-divergences option disabled for now (9/14/08)
  //  opts.add ("-write-divergences", write_divergences = false, "write pairwise divergences using log-det transform on learned substitution matrices to disk", false);
  write_divergences = false;
  opts.newline();

  opts.print_title ("Parallelization options");
#if defined(HAVE_CONDOR)
  opts.add ("-parallelize", num_parallelized_jobs = 0, "collect pairwise posterior probabilities and candidate edges simultaneously", false);
  opts.add ("-noannealing", noannealing = false, "disable annealing", false);
  opts.print ("      Note that --parallelize is only relevant when database connection options are given;"); opts.newline();
  opts.print ("      similarly, --noannealing is only relevant when --parallelize is set."); opts.newline();
#else
  opts.print ("(Parallelization not available; please see the manual for more information.)");
  opts.newline();
  num_parallelized_jobs = 0;
  noannealing = false;
#endif
  opts.newline();

  opts.print_title ("Database options");
#if defined(HAVE_POSTGRES)
  opts.add ("-db-maxram", db_max_ram = 0, "maximum RAM to use when the database mode (in megabytes)", true); 
  opts.add ("-hostname", db_hostname = "", "database server host name", false);
  opts.add ("-hostaddr", db_hostaddr = "", "database server host IP address", false);
  opts.add ("-dbname", db_name = "", "database name", false);
  opts.add ("-port", db_port = 0, "database server port", false);
  opts.add ("-user", db_user = "", "database username", false);
  opts.add ("-password", db_password = "", "database password", false);
  opts.add ("-noposteriors", read_posteriors_from_db = false, "do not compute posteriors; instead read them from database", false);
  opts.print ("      Note that to access the database server, you must provide at least --hostname and --dbname.");
  opts.newline();
#else
  opts.print ("(Database not available; please see the manual for more information.)");
  opts.newline();
#endif
  opts.newline();

  opts.print_title ("Pair HMM model options");
  opts.add ("-nucprot", nucprot = false, "align input nucleotide sequences (must all be nucleotide) in protein space", false);
  opts.add ("-indel2", is_indel2 = true, "(default) use two sets of indel states in Pair HMM (use --noindel2 to use 1 set only)", false);
  opts.add ("-gapopen1", gap_open1 = 0., "initial gap-open probability (for set 1 of indel states)", false);       // the command-line values, if passed, are used in init_indel()
  opts.add ("-gapextend1", gap_extend1 = 0., "initial gap-extend probability (for set 1 of indel states)", false);
  opts.add ("-gapopen2", gap_open2 = 0., "initial gap-open probability (for set 2 of indel states)", false);
  opts.add ("-gapextend2", gap_extend2 = 0., "initial gap-extend probability (for set 2 of indel states)", false);
  // --raggedends option disabled for now (8/6/08)
  //  opts.add ("-raggedends", ragged_ends = false, "favor padding indels at starts and ends of sequences", true);
  ragged_ends = false;
  opts.add ("-model", model = MODEL_DEFAULT, "initial substitution model: 0 = Jukes-Cantor, 1 = Tamura-Nei / BLOSUM62-like (proteins)", true);
  opts.add ("-time", time = TIME_DEFAULT, "Jukes-Cantor/Tamura-Nei evolutionary time parameter", true);
  opts.add ("-alphar", alpha_R = ALPHA_R_DEFAULT, "Tamura-Nei rate alpha_R (transition: purine)", true);
  opts.add ("-alphay", alpha_Y = ALPHA_Y_DEFAULT, "Tamura-Nei rate alpha_Y (transition: pyrimidine)", true);
  opts.add ("-beta", beta = BETA_DEFAULT, "Tamura-Nei rate beta (transversion)", true);
  opts.add ("-load-probs", load_probs_file = "", "load pairwise posterior probabilities from a file rather than performing inference with Pair HMM", false);
  opts.newline();

  opts.print_title ("Parameter estimation options");
  opts.add ("-learngap", learn_gap, "estimate indel probabilities for each pair of sequences (--nolearngap to disable)", true);
  opts.add ("-learnemit-bypair", learn_emit_bypair, "(default for DNA and RNA) estimate emission probabilities for each pair of sequences (--nolearnemit-bypair to disable)", false);
  opts.add ("-learnemit-all", learn_emit_all, "(default for proteins) estimate emission probabilities averaged over all sequences (--nolearnemit-all to disable)", false);
  opts.add ("-nolearn", nolearn = false, "disable ALL parameter learning (use ProbCons defaults)", false);
  opts.add ("-regularize", regularize = true, "regularize learned emission and gap probabilities with Dirichlet prior", true);
  opts.add ("-regularization-gapscale", regularization_transition_scale, "scaling factor for transition prior", false);
  opts.add ("-regularization-emitscale", regularization_emission_scale, "scaling factor for emission Dirichlet prior", false);
  opts.add ("-mininc", em_min_inc = EM_MIN_INC_DEFAULT, "minimum fractional increase in log-likelihood per round of EM", true);
  opts.add ("-maxrounds", em_max_iter = EM_MAX_ITER_DEFAULT, "maximum number of iterations of EM", true);
  opts.add ("-mingapdata", min_gap_training_data, "minimum amount of sequence data (# of aligned pairs of characters) for training gap probs", false);
  opts.add ("-minemitdata", min_emit_training_data, "minimum amount of sequence data (# of aligned pairs of characters) for training emission probs", false);
  opts.newline();

  opts.print_title ("Multiple alignment options: sequence annealing");
  opts.add ("-refinement", num_refinement_steps = -1, "number of iterative refinement steps (default is unlimited; 0 for none)", false);
  opts.add ("-maxsn", maxsn = false, "maximum sensitivity (instead of highest accuracy)", false);
  // hack to use #define directive
  std::string opt_string_hack = "gap factor; 0 for highest sensitivity (the internal effective minimum is " + Util::to_string (DEFAULT_POSTERIOR_PROB_CUTOFF) + "); >1 for higher specificity";
  opts.add ("-gapfactor", gap_factor = 1, opt_string_hack.c_str(), true);
  opts.add ("-dynamicweights", enable_dynamic_weights = true, "enable dynamic edge re-weighting", true);
  opts.add ("-treeweights", tree_weights_file = "", "weights for sequence pairs based on a tree", false);
  opts.add ("-require-homology", require_homology = false, "require that there be some detectable homology between all input sequences", true);
  opts.newline();

  opts.print_title ("Alignment speedup options: many sequences");
  opts.add ("-fast", fast_defaults = false, "fast alignment: use 5 * Erdos-Renyi threshold percent of sequence pairs for alignment and 2 * for learning", false);
  opts.add ("-refalign", refalign = false, "alignment to a reference sequence only (reference must be first sequence in file)", false);
  opts.add ("-mst-min", num_minimum_spanning_trees = 3, "build --mst-min minimum spanning trees on input sequences for pairwise comparisons", true);
  opts.add ("-mst-max", num_maximum_spanning_trees = 0, "build --mst-max maximum spanning trees on input sequences for pairwise comparisons", true);
  opts.add ("-mst-palm", num_minimum_spanning_palm_trees = 0, "build --mst-palm minimum spanning palm trees on input sequences for pairwise comparisons", true);
  opts.add ("-degree", degree = 0, "use --degree number of pairwise comparisons between closest sequences", true);
  opts.add ("-kmer", kmer_length = 0, "length of k-mers to use when determining sequence similarity", false);
  opts.add ("-alignment-fraction", fraction_alignment_pairs = 1., "randomized fraction of all (n choose 2) pairs of sequences to consider during alignment inference", true);
  opts.add ("-alignment-number", num_alignment_pairs = 0, "total number of (randomized) pairs of sequences to consider during alignment inference", false);
  opts.newline();

  opts.print_title ("Alignment speedup options: long sequences (MUMmer)");
//#ifdef MUMMER_EXEC
  opts.add ("-anchored", anchored = false, "use anchoring (--noanchored to disable)", false);
#ifdef MUMMER_EXEC
  opts.add ("-translated", use_translated = false, "perform anchoring in protein space", true);
  opts.add ("-minlen", anchor_minlen, "minimum length of exact matches for anchoring", false);
  opts.add ("-maxjoinlen", anchor_max_join_length = 2, "maximum ungapped separation of parallel adjacent anchors to join", true);
  // hack to use #define directive
  opt_string_hack.clear(); opt_string_hack = "leave hardmasked sequence >" + Util::to_string (MIN_HARDMASK_LENGTH) + " nt unaligned instead of randomizing it (default for long DNA)";
  opts.add ("-hardmasked", hardmasked = false, opt_string_hack.c_str(), false);
#else
  anchored = false;
  use_translated = false;
  hardmasked = false;
  opts.print ("(MUMmer not available; please see the manual for more information.)");
  opts.newline();
#endif
  opts.newline();

  opts.print_title ("Alignment speedup options: long sequences (exonerate)");
#ifdef EXONERATE_EXEC
  opts.add ("-exonerate", exonerate = false, "call exonerate to get anchors (implies --anchored)", false);
  opts.add ("-minscore", exonerate_minscore = EXONERATE_MINSCORE_DEFAULT, "minimum score of alignments found by exonerate", true);
  opts.add ("-softmasked", softmasked = false, "input sequences are softmasked", false);
#else
  exonerate = false;
  softmasked = false;
  opts.print ("(exonerate not available; please see the manual for more information.)");
  opts.newline();
#endif
  opts.newline();

  opts.print_title ("Alignment speedup options: long sequences (Mercator)");
  opts.add ("-mercator", mercator_constraint_file = "", "input Mercator constraints", false);
  opts.newline();

  opts.print_title ("Memory savings");
  opts.add ("-maxram", max_ram = (total_ram() > 0 ? static_cast<int> (0.8 * total_ram()) : -1), "maximum RAM to use (in megabytes)", true); // use 80% of max RAM by default
  opts.add ("-bandwidth", bandwidth = 0, "banding (default is no banding)", false);
  opts.add ("-minprob", minprob = DEFAULT_POSTERIOR_PROB_CUTOFF, "minimum posterior probability to store", true);
  opts.newline();

  opts.newline();
  opts.print ("Input sequence file(s) must be in FASTA format."); opts.newline();
  opts.newline();
  opts.print ("FSA attempts to automatically figure out appropriate settings;"); opts.newline();
  opts.print ("you can override its automated choices with the above options."); opts.newline();
  opts.newline();

  opts.print ("Please contact the FSA team at fsa@math.berkeley.edu with any questions or comments.");

}

void FSA::input_data() {

  // get sequence filenames
  const std::vector<sstring>& seq_filename = opts.get_not_opts();

  // check for at least one sequence file
  if (seq_filename.size() == 0) {
    cerr << opts.short_help() << endl
	 << "ERROR: Please specify at least one sequence file." << endl;
    exit (1);
  }
  // read all files into a single Sequence_database
  for (std::vector<sstring>::const_iterator sf = seq_filename.begin(); sf != seq_filename.end(); ++sf)
    seq_db.read_fasta (*sf, &Alignment::is_gap_char,
		       false, // strip_leading_chr
		       true); // verbose

  // calculate some statistics
  num_seqs = seq_db.size();
  num_seq_pairs = num_seqs * (num_seqs - 1) / 2;
  if (num_seqs < 2)
    THROWEXPR (opts.short_help() << "You must include at least 2 sequences to be aligned.");
  CTAG(9,FSA) << "Read " << num_seqs << " sequences." << endl;

  // figure out which alphabet we're using
  if (seq_db.matches_alphabet (DNA_alphabet()) || seq_db.matches_alphabet (RNA_alphabet())) {
    is_dna = true;
    is_protein = false;
    alphabet = DNA_alphabet();
    // store alphabet as string
    // NB can't use e.g. Alphabet::chars_uc because not alphabetical sorting (which we require).
    alphabet_string = DNA_ALPHABET_STRING;
  }
  else if (seq_db.matches_alphabet (Protein_alphabet())) {
    is_dna = false;
    is_protein = true;
    alphabet = Protein_alphabet();
    alphabet_string = PROTEIN_ALPHABET_STRING;
  }
  else {
    THROWEXPR ("ERROR: This doesn't seem to be nucleotide or amino acid sequence; I'm bailing.");
  }

  // get gui filename
  gui_prefix = *(seq_filename.begin());

}

void FSA::set_up_defaults() {

  // set regularization scales to defaults
  regularization_transition_scale = is_dna ? REGULARIZATION_NUC_TRANSITION_SCALE_DEFAULT : REGULARIZATION_AA_TRANSITION_SCALE_DEFAULT;
  regularization_emission_scale = is_dna ? REGULARIZATION_NUC_EMISSION_SCALE_DEFAULT : REGULARIZATION_AA_EMISSION_SCALE_DEFAULT;

  // set training data cutoffs to defaults
  min_emit_training_data = is_dna ? MIN_NUC_EMISSION_TRAINING_DATA : MIN_AA_EMISSION_TRAINING_DATA;
  min_gap_training_data = is_dna ? MIN_NUC_TRANSITION_TRAINING_DATA : MIN_AA_TRANSITION_TRAINING_DATA;

  // set up anchoring defaults
  anchor_minlen = is_dna ? ANCHOR_NUC_MINLEN_DEFAULT : ANCHOR_AA_MINLEN_DEFAULT;

  const size_t meanlen = static_cast<size_t> (std::floor (seq_db.meanlength()));

  // model
  const bool dna_defaults = (is_dna && (meanlen <= LONG_DNA_DEFAULT)) ? true : false;
  const bool longdna_defaults = (is_dna && (meanlen > LONG_DNA_DEFAULT)) ? true : false;
  const bool protein_defaults = (is_protein) ? true : false;

  // It's best to set the minimal number of options here:
  // Only set things which are /different/ from the initialization
  // in init_opts.
  //  - explicitly turn on anchoring if desired, but don't turn it off
  // For example, I used to explicitly set
  //  model = MODEL_DEFAULT
  // but it's best to just leave this job to init_opts.

  // small DNA
  if (dna_defaults) {
    learn_gap = true;
    learn_emit_bypair = true;
    learn_emit_all = false;
    hardmasked = true;
  }

  // same as dna_defaults, but with anchoring
  if (longdna_defaults) {
    learn_gap = true;
    learn_emit_bypair = true;
    learn_emit_all = false;
    anchored = true;
    hardmasked = true;
  }

  // protein:
  if (protein_defaults) {
    learn_gap = (num_seq_pairs * meanlen > static_cast<size_t> (min_gap_training_data)) ? true : false;
    learn_emit_bypair = false;
    learn_emit_all = (num_seq_pairs * meanlen > static_cast<size_t> (min_emit_training_data)) ? true : false;
  }

  // warning about anchoring (MUMmer)
#ifndef MUMMER_EXEC
  if (meanlen > 5000) {
    CTAG(9,FSA) << endl << "WARNING: MUMmer is not available, so we are running in unanchored mode; inference may be slow or even fail." << endl << endl;
    anchored = false;
  }
#endif

  // set up default word length to use for sequence similarity comparisons
  kmer_length = Sequence_kmer_counts::choose_minimum_word_length (seq_db,
								  alphabet);

}

void FSA::parse_opts() {

  // parse command-line options
  opts.parse_or_die();


  /***********************************************
   * Output options
   ***********************************************/

  // no point in writing divergences unless learning by pair
  if (!learn_emit_bypair && write_divergences)
    THROWEXPR ("ERROR: Writing divergences doesn't make sense unless --learnemit-bypair is set.");


  /***********************************************
   * Parallelization options
   ***********************************************/

  // ensure valid number of parallelized jobs
  if ((static_cast<size_t> (num_parallelized_jobs) > num_seq_pairs) || (static_cast<size_t> (num_parallelized_jobs) > MAX_NUM_PARALLELIZED_JOBS)) {
    CTAG(9,FSA) << "WARNING: Reducing --parallelize " << num_parallelized_jobs << " to ";
    if (MAX_NUM_PARALLELIZED_JOBS < num_seq_pairs) {
      CL << MAX_NUM_PARALLELIZED_JOBS <<", the maximum number of parallelized jobs" << endl;
      num_parallelized_jobs = MAX_NUM_PARALLELIZED_JOBS;
    } else {
      CTAG(9,FSA) << num_seq_pairs  <<", the maximum possible number of unique sequence pairs." << endl;
      num_parallelized_jobs = num_seq_pairs;
    }
  }
  else if (num_parallelized_jobs != 0 && num_parallelized_jobs < MIN_NUM_PARALLELIZED_JOBS) {
    CTAG(9,FSA) << "WARNING: Increasing --parallelize " << num_parallelized_jobs << " to " << MIN_NUM_PARALLELIZED_JOBS <<", the minimum number of parallelized jobs" << endl;
    num_parallelized_jobs = MIN_NUM_PARALLELIZED_JOBS;
  }
  parallelizing = (num_parallelized_jobs > 0) ? true : false;

  /***********************************************
   * Database options
   ***********************************************/

  write_db = !read_posteriors_from_db && (db_name.length() > 0);

  
  /***********************************************
   * Pair HMM model options
   ***********************************************/

  // handle nucprot option
  if (nucprot) {

    // sanity checks
    if (!is_dna)
      THROWEXPR ("ERROR: Input sequences must be nucleotide in order to use --nucprot option.");
    if (output_for_gui)
      THROWEXPR ("ERROR: You currently cannot view GUI output for --nucprot alignments.  Sorry!");
    if (mercator_constraint_file != "")
      THROWEXPR ("ERROR: You cannot specify Mercator constraints for --nucprot alignments.");
    if (hardmasked) {
      CTAG(9,FSA) << "WARNING: Hardmasking is not allowed for --nucprot alignments; I'm disabling hardmasking." << endl;
      hardmasked = false;
    }
    if (anchored) {
      CTAG(9,FSA) << "WARNING: Anchoring is not allowed for --nucprot alignments; I'm disabling anchoring." << endl;
      anchored = false;
    }

    // fix the alphabet as appropriate
    is_dna = false;
    is_protein = true;
    alphabet = Protein_alphabet();
    alphabet_string = PROTEIN_ALPHABET_STRING;

    // warn if learning strategy isn't acceptable.
    if (learn_emit_bypair) {
      CTAG(9,FSA) << "WARNING: You cannot use --learnemit-bypair with --nucprot; I'm disabling --learnemit-bypair and enabling --learnemit-all." << endl;
      learn_emit_bypair = false;
    }

    // now set default options all over again (but for proteins)
    // NB this prevent users from changing some options on the command line
    set_up_defaults();

  }

  // sane parameters to Tamura-Nei
  if ((time < 0) || (alpha_R < 0) || (alpha_Y < 0) || (beta < 0))
    THROWEXPR ("ERROR: Jukes-Cantor and Tamura-Nei parameters --time, --alphar, --alphay and --beta must be positive.");


  /***********************************************
   * Parameter estimation options
   ***********************************************/

  // don't allow too many iterations of EM
  if (em_max_iter > EM_MAX_ITER_DEFAULT) {
    CL << "Reducing max rounds of EM to " << EM_MAX_ITER_DEFAULT << endl;
    em_max_iter = EM_MAX_ITER_DEFAULT;
  }

  // enforce no learning if so requested
  // initialize parameters to defaults which don't depend on the data:
  // ProbCons defaults for RNA and BLOSUM62 for protein
  if (nolearn) {
    learn_emit_all = learn_emit_bypair = learn_gap = false;
    model = 5;
  }

  // check learning strategy is consistent
  if (learn_emit_all && learn_emit_bypair)
    THROWEXPR ("ERROR: You cannot learn both across all sequences and by pairs of sequences.  Please tell me which to ignore with --nolearnemit-all or --nolearnemit-bypair.");

  // check that regularization is sane
  if ((regularization_transition_scale < 0) || (regularization_emission_scale < 0))
    THROWEXPR ("ERROR: Regularization scales must be >= 0.");

  // can't learn by all if anchored
  if (learn_emit_all && anchored)
    THROWEXPR ("ERROR: Only --learnemit-bypair is allowed for anchoring; try using --nolearnemit-all or --nolearn.");


  /***********************************************
   * Multiple alignment options: sequence annealing
   ***********************************************/

  // refinement
  if (num_refinement_steps == -1)
    num_refinement_steps = 99999999;

  // warning about low gap factor
  if (gap_factor < minprob)
    CL << "A gap factor < " << minprob << " is not meaningful; " << minprob << " will be used internally instead." << endl;

  // maximum sensitivity option
  if (maxsn)
    gap_factor = 0;
  
  // use tgf weighting always
  // (originally the maxsn option triggered maxstep weighting,
  // but empirically I found that tgf weighting gave essentially identical performance
  // + is truly steepest-ascent => use tgf weighting, even for maxsn mode)
  use_tgf = true;


  /***********************************************
   * Alignment speedup options: many sequences
   ***********************************************/

  // recommendation to use --fast
  if (!fast_defaults && (num_seqs > 100))
    CTAG(9,FSA) << endl << "WARNING: It is highly recommended that you invoke the --fast option when aligning many sequences.  If you do not, then inference may take a very long time or even fail." << endl << endl;

  // k-mer length must be > 0
  // (catch the case of k = 0, which occurs automatically if the median sequence length is 0)
  if (kmer_length <= 0) {
    if (seq_db.median_length() != 0)
      THROWEXPR ("ERROR: k-mer word length must be > 0.");
  }

  // degree must be >= 0
  if (degree < 0)
    THROWEXPR ("ERROR: The requested --degree setting must be in 0, ..., (N - 1).");
  // and less than N
  if (degree > static_cast<int> (seq_db.size() - 1))
    degree = seq_db.size() - 1;

  // can't have both refalign and fast
  if (refalign) {
    if (fast_defaults)
      THROWEXPR ("ERROR: You can't select both --fast and --refalign; please choose one or the other.");
    num_minimum_spanning_trees = 0;
    num_maximum_spanning_trees = 0;
    num_minimum_spanning_palm_trees = 0;
    degree = 0;
  }

  // fast options:
  //  Scaled by 5 (so we do ~90% of all (10 choose 2) pairs for an alignment of 15 sequences)
  if (fast_defaults)
    fraction_alignment_pairs = 5 * Sequence_pair_selector::erdos_renyi_p_cutoff (num_seqs);

  // if alignment to a reference, use minimal number of sequence pairs
  if (refalign)
    num_alignment_pairs = num_seqs - 1;

  // convert from fraction to absolute number of pairs for inference
  // if num_alignment_pairs not specified, then initialize with 
  //  fraction_alignment_pairs if specified
  //  all pairs if not
  if (num_alignment_pairs < DOUBLE_TINY)
    num_alignment_pairs = static_cast<int> (std::floor (num_seq_pairs * fraction_alignment_pairs));

  // make sure that we can generate a spanning tree to get a complete alignment
  if (static_cast<size_t> (num_alignment_pairs) < (num_seqs - 1)) {
    CTAG(9,FSA) << "WARNING: Increasing --alignment-number to (N - 1) = " << num_seqs - 1 << " to ensure a complete alignment." << endl;
    num_alignment_pairs = num_seqs - 1;
  }

  // make sure that a reasonable number of alignment pairs are requested
  if (static_cast<size_t> (num_alignment_pairs) > num_seq_pairs) {
    // only warn if --fast wasn't invoked
    if (!fast_defaults)
      CTAG(9,FSA) << "WARNING: Reducing --alignment-number " << num_alignment_pairs << " to " << num_seq_pairs << ", the maximum possible number of unique sequence pairs." << endl;
    num_alignment_pairs = num_seq_pairs;
  }

  // now store fractions (used for logging)
  fraction_alignment_pairs = static_cast<double> (num_alignment_pairs) / num_seq_pairs;



  /***********************************************
   * Alignment speedup options: long sequences (MUMmer)
   ***********************************************/

  // Exonerate implies anchoring
  if (exonerate)
    anchored = true;

  // check sane
#ifndef MUMMER_EXEC
  if (anchored)
    THROWEXPR ("ERROR: FSA was compiled without MUMmer support.  Please recompile with MUMmer if you wish to use anchoring.");
#endif

  // don't try to translate sequence if we're already in protein space
  if (is_protein && use_translated)
    use_translated = false;

  // translated implies anchoring
  if (use_translated)
    anchored = true;

  // set up proper minlen if doing translated anchoring
  if (use_translated)
    anchor_minlen = ANCHOR_AA_MINLEN_DEFAULT;
  
  // no hardmasking for protein sequence
  if (!is_dna && hardmasked)
    THROWEXPR ("ERROR: Hardmasking is only available for nucleotide sequence.");

  /***********************************************
   * Alignment speedup options: long sequences (exonerate)
   ***********************************************/

  // check sane
#ifndef EXONERATE_EXEC
  if (exonerate)
    THROWEXPR ("ERROR: FSA was compiled without exonerate support.  Please recompile with exonerate if you wish to use exonerate for anchoring.");
#endif

  // recommend softmasking
  if (exonerate && !softmasked)
    CTAG(9,FSA) << endl << "WARNING: It is HIGHLY RECOMMENDED that you softmask sequence and use the --softmasked option when calling exonerate." << endl << endl;

  // warning about anchoring (exonerate)
  if ((seq_db.meanlength() > 50000) && !exonerate) {
    CTAG(9,FSA) << endl << "WARNING: Unless you are aligning well-conserved sequences, it is highly recommend that you invoke the exonerate program (as well as MUMmer) when aligning very long sequences." << endl << endl;
  }

  /***********************************************
   * Alignment speedup options: long sequences (Mercator)
   ***********************************************/


  /***********************************************
   * Memory savings
   ***********************************************/

  // check that bandwidth is sane
  if (bandwidth < 0)
    THROWEXPR ("ERROR: Please specify a positive banding width.");

}

void FSA::init_indel_params (Params& params) {

  params.is_indel2 = is_indel2;
  params.to_end = DOUBLE_TINY;

  // if nucleotide
  if (is_dna) {
    if (!is_indel2) {
      params.gap_open1 = 0.02;
      params.gap_extend1 = 0.3;
      params.gap_open2 = 0;
      params.gap_extend2 = 0;
    } else {
      params.gap_open1 = 0.012; // have mixture components still sum to gap_open prob of 0.02 as above
      params.gap_extend1 = 0.4;
      params.gap_open2 = 0.008;
      params.gap_extend2 = 0.9;
    }
  }

  // if amino acid (ProbCons defaults for these -- taken from probcons/Defaults.h)
  else if (is_protein) {
    if (!is_indel2) {
      params.gap_open1 = 0.01993141696f;
      params.gap_extend1 = 0.7943345308f;
      params.gap_open2 = 0;
      params.gap_extend2 = 0;
    } else {
      params.gap_open1 = 0.0119511066f;
      params.gap_extend1 = 0.3965826333f;
      params.gap_open2 = 0.008008334786f;
      params.gap_extend2 = 0.8988758326f;
    }
  }

  // unreachable code
  else {
    THROWEXPR ("ERROR: These don't seem to be nucleotide or amino acid sequences!  This message should never occur.");
  }

  // initialize indel params to command-line values if passed
  if (gap_open1 > DOUBLE_TINY)
    params.gap_open1 = gap_open1;
  if (gap_extend1 > DOUBLE_TINY)
    params.gap_extend1 = gap_extend1;
  if (gap_open2 > DOUBLE_TINY)
    params.gap_open2 = gap_open2;
  if (gap_extend2 > DOUBLE_TINY)
    params.gap_extend2 = gap_extend2;

  // log seed params
  if (CTAGGING(-1,FSAEM)) {
    CL << "Seed indel parameters:" << endl;
    params.show_transition_matrix (CL);
  }

}


void FSA::init_subst_params (Params& params, const std::vector<double>& char_freq, const unsigned model /* = MODEL_DEFAULT */, const double time /* = TIME_DEFAULT */) {

  // time parameter
  params.time = time;

  // alphabet_string
  params.alphabet_string = alphabet_string;

  // allocate memory
  params.single_dist.resize (alphabet_string.length());
  params.pair_dist.resize (alphabet_string.length());
  for (size_t i = 0; i < alphabet_string.length(); i++)
    params.pair_dist[i].resize (alphabet_string.length());

  // init nuc models
  if (is_dna) {

    // ProbConsRNA defaults (taken from probconsRNA/Defaults.h)
    const double probcons_single[4] = {
      0.2270790040f, 0.2422080040f, 0.2839320004f, 0.2464679927f };
    const double probcons_pair[4][4] = {
      { 0.1487240046f, 0.0184142999f, 0.0361397006f, 0.0238473993f },
      { 0.0184142999f, 0.1583919972f, 0.0275536999f, 0.0389291011f },
      { 0.0361397006f, 0.0275536999f, 0.1979320049f, 0.0244289003f },
      { 0.0238473993f, 0.0389291011f, 0.0244289003f, 0.1557479948f } };


    // now set up the substitution model
    switch (model) {

    case 0: // Jukes-Cantor model
      for (size_t i = 0; i < 4; i++) {
	params.single_dist[i] = 1 / 4.0;
	for (size_t j = 0; j < 4; j++) {
	  if (i == j) {
	    params.pair_dist[i][j] = params.single_dist[i] * (1/4.0 + (3/4.0) * std::exp (-4.0 * time / 3.0));
	  } else {
	    params.pair_dist[i][j] = params.single_dist[i] * (1/4.0 - (1/4.0) * std::exp (-4.0 * time / 3.0));
	  }
	}
      }
      break;

    case 1: // Tamura-Nei model
      // empirical char freqs
      params.single_dist.assign (char_freq.begin(), char_freq.end());
      for (size_t i = 0; i < 4; i++) {
	for (size_t j = 0; j < 4; j++) {
	  const double alphai = (i == 0 || i == 2) ? alpha_R : alpha_Y;
	  const double pj = (j == 0 || j == 2) ? (char_freq[0] + char_freq[2]) : (char_freq[1] + char_freq[3]); // piR or piY, as appropriate for j
	  assert (alphai > 0 && pj > 0);
	  // if no change
	  if (i == j) {
	    params.pair_dist[i][j] = std::exp (-(alphai + beta) * time)
	      + std::exp (-beta * time) * (1 - std::exp (-alphai * time)) * (char_freq[j] / pj)
	      + (1 - std::exp (-beta * time)) * char_freq[j];
	    params.pair_dist[i][j] *= char_freq[i]; // convert from subst. prob. to joint prob.
	  }
	  // else if transition
	  //	  else if (std::abs (static_cast<int> (static_cast<int> (i) - j)) == 2) {
	  else if (abs (static_cast<int> (static_cast<int> (i) - j)) == 2) {
	    params.pair_dist[i][j] = 0.
	      + std::exp (-beta * time) * (1 - std::exp (-alphai * time)) * (char_freq[j] / pj)
	      + (1 - std::exp (-beta * time)) * char_freq[j];
	    params.pair_dist[i][j] *= char_freq[i];
	  }
	  // else transversion
	  else {
	    params.pair_dist[i][j] = 0.
	      + 0.
	      + (1 - std::exp (-beta * time)) * char_freq[j];
	    params.pair_dist[i][j] *= char_freq[i];
	  }
	}
      }
      break;

    case 5: // ProbCons
      for (size_t i = 0; i < 4; i++) {
	params.single_dist[i] = probcons_single[i];
	for (size_t j = 0; j < 4; j++) {
	  params.pair_dist[i][j] = probcons_pair[i][j];
	}
      }
      break;

    default:
      THROWEXPR ("ERROR: Model " << model << " does not exist.  Please choose a valid model." << endl);
    }

  }

  // proteins
  else {

    // BLOSUM62 matrix (taken from probcons/Defaults.h and converted per my AA sorting)
    double BLOSUM62_single[20] = {
      0.07831005, 0.02189704, 0.05130349, 0.05615771, 0.04463228, 0.07783433, 0.02601093, 0.06511648, 0.05877077, 0.09716489, 0.02438117, 0.04433257, 0.03940142, 0.03585766, 0.05246024, 0.05849916, 0.05115306, 0.07343426, 0.01203523, 0.03124726 };
    double BLOSUM62_pair[20][20] = {
      { 0.02373072, 0.00145515, 0.00223549, 0.00332218, 0.00165004, 0.00597898, 0.00114353, 0.00318853, 0.00331693, 0.00449576, 0.00148878, 0.00210228, 0.00230618, 0.00219102, 0.00244502, 0.00631752, 0.00389995, 0.00533241, 0.00039119, 0.0013184 },
      { 0.00145515, 0.0101347, 0.00036798, 0.00037956, 0.00052274, 0.00071206, 0.00026421, 0.0009404, 0.00046951, 0.00138494, 0.00037421, 0.00042479, 0.00034766, 0.00032102, 0.00044701, 0.00094867, 0.00073798, 0.00119152, 0.00010666, 0.00036626 },
      { 0.00223549, 0.00036798, 0.01911178, 0.004968, 0.00069041, 0.00235249, 0.00097077, 0.00105355, 0.00252518, 0.00161966, 0.00047808, 0.0035354, 0.00125381, 0.00176784, 0.00161657, 0.00285226, 0.00180488, 0.00127915, 0.00016015, 0.00066005 },
      { 0.00332218, 0.00037956, 0.004968, 0.01676565, 0.00078814, 0.0021486, 0.00131767, 0.00124207, 0.0042842, 0.00222063, 0.00076105, 0.00224738, 0.0015155, 0.00345128, 0.00268865, 0.00293898, 0.0021676, 0.00178697, 0.00023815, 0.00092548 },
      { 0.00165004, 0.00052274, 0.00069041, 0.00078814, 0.01661038, 0.00115204, 0.00072545, 0.00279948, 0.00087222, 0.00533369, 0.00116111, 0.00084658, 0.00060701, 0.00059248, 0.00090768, 0.00119036, 0.00107595, 0.00256159, 0.00085751, 0.00368739 },
      { 0.00597898, 0.00071206, 0.00235249, 0.0021486, 0.00115204, 0.04062876, 0.00103704, 0.0014252, 0.00259311, 0.00212853, 0.00066504, 0.00288882, 0.00155601, 0.00142432, 0.00194865, 0.00381962, 0.00214841, 0.00194579, 0.00038786, 0.00089301 },
      { 0.00114353, 0.00026421, 0.00097077, 0.00131767, 0.00072545, 0.00103704, 0.00867996, 0.00059716, 0.00121376, 0.00111754, 0.00042237, 0.00141205, 0.00049078, 0.00113901, 0.00132105, 0.00116422, 0.00077747, 0.00071553, 0.00019097, 0.00131038 },
      { 0.00318853, 0.0009404, 0.00105355, 0.00124207, 0.00279948, 0.0014252, 0.00059716, 0.01778263, 0.00157852, 0.01071834, 0.00224097, 0.00104273, 0.00103767, 0.00100883, 0.00138145, 0.00173565, 0.00248968, 0.01117956, 0.00039549, 0.00127857 },
      { 0.00331693, 0.00046951, 0.00252518, 0.0042842, 0.00087222, 0.00259311, 0.00121376, 0.00157852, 0.01612228, 0.00259626, 0.0009612, 0.0025731, 0.00154836, 0.00312308, 0.0059565, 0.00312633, 0.00250862, 0.00210897, 0.00028448, 0.00100817 },
      { 0.00449576, 0.00138494, 0.00161966, 0.00222063, 0.00533369, 0.00212853, 0.00111754, 0.01071834, 0.00259626, 0.03583921, 0.00461939, 0.00160275, 0.0015731, 0.00180553, 0.00246811, 0.00250962, 0.00302273, 0.0091446, 0.00076736, 0.00219713 },
      { 0.00148878, 0.00037421, 0.00047808, 0.00076105, 0.00116111, 0.00066504, 0.00042237, 0.00224097, 0.0009612, 0.00461939, 0.00409522, 0.00063401, 0.00046718, 0.00075546, 0.00076734, 0.00087787, 0.00093371, 0.00197461, 0.00016253, 0.00054105 },
      { 0.00210228, 0.00042479, 0.0035354, 0.00224738, 0.00084658, 0.00288882, 0.00141205, 0.00104273, 0.0025731, 0.00160275, 0.00063401, 0.01281864, 0.00100282, 0.00158223, 0.00207782, 0.00301397, 0.00220144, 0.00136609, 0.00021006, 0.0007496 },
      { 0.00230618, 0.00034766, 0.00125381, 0.0015155, 0.00060701, 0.00155601, 0.00049078, 0.00103767, 0.00154836, 0.0015731, 0.00046718, 0.00100282, 0.01846071, 0.00090111, 0.00106268, 0.00180037, 0.00147982, 0.00135781, 0.00015674, 0.00047608 },
      { 0.00219102, 0.00032102, 0.00176784, 0.00345128, 0.00059248, 0.00142432, 0.00113901, 0.00100883, 0.00312308, 0.00180553, 0.00075546, 0.00158223, 0.00090111, 0.00756604, 0.00253532, 0.00191155, 0.00154526, 0.00132844, 0.00020592, 0.00070192 },
      { 0.00244502, 0.00044701, 0.00161657, 0.00268865, 0.00090768, 0.00194865, 0.00132105, 0.00138145, 0.0059565, 0.00246811, 0.00076734, 0.00207782, 0.00106268, 0.00253532, 0.01775118, 0.0022454, 0.00186053, 0.00169359, 0.00029139, 0.0009943 },
      { 0.00631752, 0.00094867, 0.00285226, 0.00293898, 0.00119036, 0.00381962, 0.00116422, 0.00173565, 0.00312633, 0.00250962, 0.00087787, 0.00301397, 0.00180037, 0.00191155, 0.0022454, 0.01346609, 0.00487295, 0.00241601, 0.00026525, 0.00102648 },
      { 0.00389995, 0.00073798, 0.00180488, 0.0021676, 0.00107595, 0.00214841, 0.00077747, 0.00248968, 0.00250862, 0.00302273, 0.00093371, 0.00220144, 0.00147982, 0.00154526, 0.00186053, 0.00487295, 0.01299436, 0.00343452, 0.00024961, 0.00094759 },
      { 0.00533241, 0.00119152, 0.00127915, 0.00178697, 0.00256159, 0.00194579, 0.00071553, 0.01117956, 0.00210897, 0.0091446, 0.00197461, 0.00136609, 0.00135781, 0.00132844, 0.00169359, 0.00241601, 0.00343452, 0.02075171, 0.00038538, 0.00148001 },
      { 0.00039119, 0.00010666, 0.00016015, 0.00023815, 0.00085751, 0.00038786, 0.00019097, 0.00039549, 0.00028448, 0.00076736, 0.00016253, 0.00021006, 0.00015674, 0.00020592, 0.00029139, 0.00026525, 0.00024961, 0.00038538, 0.00563625, 0.00069226 },
      { 0.0013184, 0.00036626, 0.00066005, 0.00092548, 0.00368739, 0.00089301, 0.00131038, 0.00127857, 0.00100817, 0.00219713, 0.00054105, 0.0007496, 0.00047608, 0.00070192, 0.0009943, 0.00102648, 0.00094759, 0.00148001, 0.00069226, 0.00999315 } };


    switch (model) {

    case 1: // BLOSUM62, but converted to empirical target aa frequencies
      params.single_dist.assign (char_freq.begin(), char_freq.end());
      for (size_t i = 0; i < 20; i++) {
	for (size_t j = 0; j < 20; j++) {
	  params.pair_dist[i][j] = BLOSUM62_pair[i][j] * (char_freq[i] * char_freq[j]) / (BLOSUM62_single[i] * BLOSUM62_single[j]);
	}
      }
      params.normalize();
      break;

    case 5: // BLOSUM62
      for (size_t i = 0; i < 20; i++) {
	params.single_dist[i] = BLOSUM62_single[i];
	for (size_t j = 0; j < 20; j++) {
	  params.pair_dist[i][j] = BLOSUM62_pair[i][j];
	}
      }
      break;

    default:
      THROWEXPR ("ERROR: Model " << model << " does not exist.  Please choose a valid model." << endl);
    }

  }

  params.assert_normalized();

  // log seed params
  if (CTAGGING(-1,FSAEM)) {
    CL << "Seed emit parameters:" << endl;
    params.show_emission (CL);
  }

  params.assert_normalized();

}

void FSA::init_pseudocounts (Params& pseudo, const Params& seed, double transition_scale, double emission_scale) {

  if (CTAGGING(2,FSA))
    CL << "Initializing pseudocounts." << endl;

  // get seed distributions
  pseudo.copy_all (seed);

  // now scale to get counts
  pseudo.gap_open1 *= transition_scale;
  pseudo.gap_open2 *= transition_scale;
  pseudo.gap_extend1 *= transition_scale;
  pseudo.gap_extend2 *= transition_scale;
  for (size_t i = 0; i < pseudo.pair_dist.size(); ++i) {
    pseudo.single_dist[i] *= emission_scale;
    for (size_t j = 0; j < pseudo.pair_dist.size(); ++j)
      pseudo.pair_dist[i][j] *= emission_scale;
  }

}

bool FSA::train_params (Params& params, const Sequence_database& seq_db_train, const Sequence_pairs& subset,
			bool left_match, bool right_match, bool ragged_ends,
			const Params& pseudocounts, bool learn_emit) {

  // enforce max_ram cutoff
  for (Sequence_pairs::const_iterator pair = subset.begin(); pair != subset.end(); ++pair) {
    const size_t i = pair->first;
    const size_t j = pair->second;
    const size_t needed = estimate_ram_needed (seq_db_train.get_seq (i).seq.length(), seq_db_train.get_seq (j).seq.length());
    if ((max_ram > 0) && (static_cast<int> (needed) > max_ram)) {
      CTAG(9,FSAEM) << "WARNING: Skipping inference step because estimated memory usage (" << needed << " MB) "
		    << "is greater than specified limit (" << max_ram << " MB)." << endl
		    << "Offending sequences are '" << seq_db_train.get_seq (i).name << "' and '" << seq_db_train.get_seq (j).name << "'." << endl;
      return false;
    }
  }

  // without banding
  if (bandwidth == 0) {
    if (is_dna && !is_indel2)
      return Model::train_params_engine<NucleotideWithoutBanding> (params, seq_db_train, subset,
								   left_match, right_match, ragged_ends,
								   learn_gap, learn_emit, regularize, pseudocounts, em_max_iter, em_min_inc);
    else if (is_dna && is_indel2)
      return Model::train_params_engine<NucleotideIndel2WithoutBanding> (params, seq_db_train, subset,
									 left_match, right_match, ragged_ends,
									 learn_gap, learn_emit, regularize, pseudocounts, em_max_iter, em_min_inc);
    else if (!is_dna && !is_indel2)
      return Model::train_params_engine<AminoAcidWithoutBanding> (params, seq_db_train, subset,
								  left_match, right_match, ragged_ends,
